2.4
3.0
-0.2
3.0
3.0
2.8
1.8
2.6
0.6
1.0
0.4
2.6
2.6
2.2
1.6
0.8
-0.25
0.8
1.4
0.2
1.8
2.0
1.4
2.6
-0.6
-0.4
0.2
-0.4
-2.8
-0.2
-1.4
0.8
-1.4
1.8
0.8
-1.0
-0.6
0.4
-0.8
1.25
1.4
0.6
0.2
-2.0
-0.4
0.6
2.0
1.8
2.6
2.6
2.2
-2.0
1.6
1.0
2.0
-1.8
-1.6
-1.6
-1.8
2.2
2.6
-1.8
0.4
-1.25
-2.0
-0.4
-1.75
2.0
-1.2
2.2
1.6
-0.6
-2.4
-0.2
0.6
2.2
1.6
1.4
-0.2
-1.4
-1.4
-1.4
-1.8
-1.0
0.4
-0.4
-0.2
1.8
-1.0
2.0
-0.6
1.8
1.2
-1.4
-1.6
-0.5
2.2
1.4
2.2
2.0
2.0
2.4
1.8
1.4
2.2
0.2
1.2
2.2
-1.0
-1.5
-1.6
-0.6
0.333333333333
0.8
1.0
2.2
0.2
-1.0
-0.8
1.4
1.6
2.0
-0.4
2.0
0.4
-0.4
2.4
1.6
1.8
-0.4
0.8
2.2
1.2
2.0
0.2
0.5
2.0
2.6
2.2
1.4
1.0
0.8
-0.8
1.6
1.8
1.8
1.8
2.4
0.6
-0.2
2.0
2.2
1.2
0.6
2.2
1.2
1.4
1.0
-0.6
0.6
0.6
2.0
0.2
0.2
1.4
-1.0
-0.6
-1.8
-0.6
-1.0
-2.0
-1.0
-0.4
-1.6
-1.4
2.0
2.2
1.4
2.2
2.2
2.4
-0.8
-1.0
-1.75
0.8
0.2
-1.2
-0.5
2.2
1.8
2.0
1.4
0.8
0.4
2.0
0.5
2.2
2.6
2.4
0.4
2.6
0.8
2.6
1.8
0.25
-2.0
0.2
1.2
2.8
2.8
2.0
1.6
1.8
2.4
1.6
0.6
2.0
2.0
1.6
0.8
2.0
-0.6
0.4
0.25
1.8
2.2
2.2
3.0
2.0
1.8
2.8
2.2
2.0
2.2
0.8
-0.4
0.6
-1.2
2.4
1.8
2.2
-2.6
1.4
1.0
1.6
-1.6
-1.2
1.8
2.0
-1.0
0.6
-1.6
-2.2
-0.4
2.2
0.8
-0.4
-0.2
0.8
1.8
2.6
2.4
2.4
2.6
1.8
2.0
-1.25
-1.5
2.2
2.2
0.6
1.4
-0.6
-1.0
-1.6
-1.6
-1.8
1.8
1.2
-0.8
-0.2
-0.2
-2.0
-1.5
0.2
1.2
1.4
0.6
1.6
1.6
1.4
0.8
1.2
1.0
0.6
1.6
1.2
-2.0
-1.0
-0.4
-1.4
1.8
1.0
-1.4
-0.8
-1.4
-0.8
0.4
-1.0
-2.4
-2.0
-0.2
-2.6
-1.4
-0.2
0.4
0.6
-0.5
-0.8
-2.2
-1.4
0.6
1.0
1.4
-2.2
-1.8
-2.2
2.0
-1.0
-1.4
-0.4
-1.6
-1.4
-1.4
-2.6
-1.6
-0.8
-1.0
-2.2
-0.8
-2.0
-0.333333333333
-1.8
-1.6
-1.0
-0.666666666667
0.6
0.6
-0.8
-2.0
-1.0
-0.333333333333
0.2
-1.2
-0.2
1.8
2.0
2.0
2.0
1.8
2.0
2.2
1.8
1.6
1.6
2.0
2.2
2.4
2.0
2.8
1.8
2.8
2.2
2.2
2.6
1.8
0.8
0.2
-0.25
1.8
1.0
2.4
0.5
0.6
0.6
2.4
1.2
-0.8
1.2
1.2
2.0
-0.8
2.8
0.8
3.0
0.8
-2.2
1.6
1.0
-1.2
1.6
1.2
-0.8
-1.6
-2.2
-0.75
-0.5
0.2
-0.25
-0.5
-1.6
-0.5
-1.4
-1.0
1.6
-1.0
0.2
-1.0
-1.25
-0.5
2.4
-0.5
1.6
-0.4
-0.8
-1.8
1.0
-0.8
-1.8
1.6
-1.2
2.2
2.6
2.0
-0.4
2.6
1.2
1.4
-0.8
0.4
0.2
-1.0
-0.6
1.0
-0.8
-0.8
1.6
-0.8
1.8
1.4
1.8
0.5
1.4
-1.2
-1.2
-0.6
-1.6
-0.2
-0.4
-1.6
-1.2
-0.75
0.8
0.25
-0.4
-0.2
-2.0
-2.0
-1.0
-1.0
-0.75
0.4
1.4
2.0
1.6
2.0
2.2
1.4
2.2
2.4
1.6
-0.8
-1.6
-1.0
-1.6
-2.6
-2.4
-1.6
-0.2
-0.4
-0.8
-0.4
-2.2
-1.2
-0.6
-1.6
2.8
2.2
-2.4
-0.2
-0.2
0.8
-0.4
-2.0
-3.0
-2.8
-0.4
-1.8
0.4
-0.2
-2.4
-2.2
2.0
0.8
-1.2
1.6
2.6
2.8
1.0
2.6
2.8
-3.0
-3.0
-1.2
-2.4
-2.8
-2.6
-0.5
-2.8
-2.4
0.4
-1.5
-2.0
-0.4
2.2
1.0
-0.8
-0.25
-0.2
2.2
-1.75
-1.0
1.6
-1.2
-1.8
-1.2
-1.0
-1.2
0.4
1.0
-0.8
-1.4
-1.6
-0.2
-1.0
2.2
1.4
0.8
-1.8
-1.6
-2.0
1.0
2.0
-1.0
-0.2
1.4
1.4
1.4
-0.8
0.4
1.4
2.8
2.0
1.6
1.4
2.0
2.0
1.2
1.6
2.2
1.6
1.2
2.2
1.6
1.4
1.2
1.0
-1.0
1.2
0.2
1.2
1.0
1.4
2.2
0.4
0.25
1.4
-1.8
2.6
2.4
2.0
1.0
0.2
0.666666666667
1.4
2.6
-0.4
0.25
2.4
2.0
1.8
-1.4
-0.8
-2.2
-2.0
-1.4
-1.6
0.8
-2.0
-2.0
3.0
1.6
2.0
2.4
1.4
2.4
-0.2
1.0
1.2
1.8
1.4
2.2
2.0
2.6
2.2
2.4
3.0
2.4
2.0
-1.0
2.0
-1.0
-1.0
-0.6
1.0
-0.4
0.4
0.5
1.0
2.0
2.8
-0.2
-2.2
-2.4
2.2
-1.2
-0.4
-1.0
-0.25
1.6
-0.2
1.2
-1.2
1.0
2.2
-1.6
1.2
-1.0
1.2
-0.6
-1.2
-1.8
0.8
-1.4
-1.4
1.6
2.0
0.4
-1.0
-0.2
-0.8
1.2
0.8
2.2
-1.8
0.6
0.4
-1.4
-1.8
-1.2
1.8
2.0
2.2
2.8
1.6
-1.0
2.4
1.6
1.8
1.0
-1.0
0.8
-0.4
1.4
0.2
1.75
-1.2
2.4
-1.6
1.2
0.6
-1.6
-0.6
-1.6
-1.4
0.2
-0.4
2.4
0.5
1.4
2.4
1.0
1.6
-0.4
1.6
2.0
-2.0
-0.4
-0.75
-2.6
-1.8
2.0
-2.2
-2.0
-3.0
-1.2
-1.4
-1.2
-0.8
-2.0
-1.2
-2.0
-1.4
-2.8
-2.6
-0.8
1.6
-2.2
-2.6
-3.0
-2.8
-0.4
0.8
1.0
-2.8
-2.6
1.2
-2.4
-2.0
-1.4
-2.25
-1.8
-1.8
-0.8
-2.4
-0.6
-1.8
-2.6
-1.8
-0.8
0.6
1.2
-1.4
-2.2
-1.8
1.8
2.0
1.8
1.6
1.6
0.6
2.2
2.4
1.0
-1.8
2.2
-1.2
-0.8
-1.6
-2.6
-1.2
-0.8
2.8
1.2
0.4
-1.0
1.8
-0.8
-0.6
0.4
1.4
-1.0
1.4
2.0
-2.0
0.2
0.8
-1.5
2.6
1.8
2.0
-2.6
-2.2
-2.2
2.2
0.2
-1.0
0.6
0.4
-0.8
-0.6
-0.4
0.5
0.8
-1.0
0.2
-1.2
-1.4
-0.6
1.6
-0.75
-1.2
-0.8
-0.5
1.4
1.2
0.4
0.8
1.75
0.8
0.8
1.0
1.0
0.4
-1.0
-2.25
0.2
2.2
2.5
1.0
0.6
2.8
2.8
3.0
-0.6
-0.2
1.6
2.0
-1.0
-1.6
-2.6
-2.4
-2.8
-2.6
3.0
-1.0
1.6
2.0
1.2
0.5
1.8
-2.4
-1.0
-1.0
2.2
2.0
-1.2
-2.6
3.0
2.4
2.6
0.2
2.5
1.6
-1.0
1.4
1.0
1.0
1.8
-0.8
1.8
-0.6
-1.0
1.4
1.2
2.0
1.4
2.0
-1.0
-0.6
-0.6
-0.6
-0.25
0.8
-1.0
-0.6
0.2
0.4
0.2
-1.2
0.6
0.8
-2.2
-1.4
2.0
2.0
-1.0
2.2
1.6
0.4
2.2
1.4
0.4
2.4
2.0
2.2
2.0
2.6
2.0
1.6
0.8
0.2
-2.8
-1.8
0.2
-1.6
-1.33333333333
-2.0
-2.8
-2.2
-2.4
-1.2
-1.0
1.4
-2.0
-1.8
-1.75
-2.0
-2.0
-2.0
-2.8
1.0
-2.4
-1.0
-2.6
-2.8
-1.6
-2.6
-2.6
-1.0
-1.8
-2.8
-1.4
-0.6
-3.0
-3.0
-1.6
-2.2
-2.2
-3.0
-3.0
-1.0
-2.4
-1.4
-2.5
-1.0
0.8
1.4
0.2
1.0
-2.4
-1.6
0.4
-1.8
-1.6
1.6
1.2
-0.6
-1.0
0.8
1.2
0.2
1.4
-1.4
-1.2
-0.4
1.2
0.8
-2.0
0.6
-0.8
1.0
-0.6
-1.6
-1.2
-1.8
1.0
0.4
1.2
-1.6
0.8
0.4
-1.2
-1.0
-2.8
-1.4
-1.6
0.666666666667
-2.2
-1.2
0.2
-2.4
-0.4
1.4
-0.5
0.25
1.4
0.8
0.5
1.2
1.6
0.8
-2.4
1.2
-0.4
-0.8
1.6
-1.0
-1.0
-1.2
1.25
0.6
-2.4
-1.8
-2.6
-1.2
-1.8
-2.2
-2.0
-0.8
-1.8
-1.6
1.2
-1.2
-1.0
-2.0
-1.0
-0.6
-0.4
2.0
1.4
1.6
-1.4
1.4
1.6
1.2
-2.0
-1.0
-0.4
-2.8
-2.2
-2.8
-0.2
-1.0
-0.5
-0.4
-0.2
0.2
2.6
1.0
1.2
1.0
1.6
2.8
1.6
0.5
0.8
2.2
1.6
-1.2
-0.2
-0.2
-1.4
-0.8
-0.666666666667
-0.4
0.6
-1.4
2.0
1.8
0.25
-0.4
2.4
1.5
0.75
2.0
-0.4
-1.6
-1.4
0.75
-1.2
1.6
2.2
1.4
1.4
1.6
1.0
0.8
0.2
-0.2
-0.2
2.0
-1.4
-2.0
1.8
2.4
2.2
2.2
2.0
1.4
-1.4
1.8
2.4
-0.6
1.2
-0.2
-0.2
0.6
2.0
1.4
2.8
1.8
2.2
0.2
-1.0
2.0
2.4
1.4
1.4
0.25
2.8
-0.4
-1.0
2.6
1.0
2.2
-0.8
-1.8
-0.2
2.6
1.4
0.4
1.6
1.8
-0.5
2.0
-0.4
2.0
2.4
0.8
0.4
-1.6
0.6
-0.8
-1.6
0.4
1.4
1.6
-1.4
-0.2
1.6
1.2
0.6
-0.6
0.4
-0.4
0.6
-1.0
-1.0
1.8
1.0
-1.25
-1.0
-1.6
-2.0
-2.0
1.8
-0.6
-1.6
1.4
1.8
1.6
1.6
1.5
1.2
0.8
1.8
-1.2
1.0
0.2
1.2
-2.6
1.2
-1.25
-2.0
-0.4
0.2
-1.6
-1.0
0.4
1.0
1.8
-2.0
-1.2
0.6
1.6
-1.0
2.4
1.2
1.4
1.4
0.6
2.0
1.4
2.2
1.2
1.6
0.25
1.4
1.8
1.33333333333
0.5
-0.5
0.6
2.2
2.6
2.4
-0.6
3.0
1.8
-0.2
-1.0
1.4
1.8
1.2
1.75
2.4
2.0
0.8
1.6
2.0
1.2
2.2
2.4
2.0
2.2
1.0
1.8
0.4
0.2
1.6
1.0
-0.4
1.8
1.6
1.8
0.6
2.0
1.6
0.2
0.6
1.8
1.6
2.8
2.6
-1.6
-1.2
-1.6
-0.6
1.8
2.8
2.4
2.4
0.5
-0.6
0.8
1.33333333333
1.2
-2.8
-2.4
2.2
-2.2
-1.0
-2.4
1.2
-1.0
-2.0
-2.0
-2.0
-1.6
1.2
0.8
1.0
-1.33333333333
2.0
-2.4
-1.4
1.8
2.0
0.5
0.2
0.6
-1.8
-0.8
0.25
0.8
0.4
-0.6
0.4
-0.2
0.4
-0.2
0.6
-0.2
2.0
-0.8
2.0
-0.75
1.6
-1.0
1.0
-2.0
-0.6
-2.2
-0.2
0.4
-1.0
-2.0
1.4
-0.5
-2.4
2.0
1.0
0.6
1.6
1.2
2.0
-1.2
2.8
1.8
1.0
1.8
0.4
-1.2
-0.8
-1.6
1.4
0.2
-2.2
-2.4
-1.2
-1.0
-1.4
-2.8
2.6
-2.6
-2.2
-1.8
-2.0
2.8
-2.2
-2.8
0.2
-1.8
-1.4
-1.8
-1.8
1.8
2.6
-2.4
-1.4
-2.4
-2.8
-2.8
0.8
-1.2
-2.0
-1.2
1.8
1.6
1.8
2.2
2.6
2.2
2.6
2.0
-1.8
-2.8
-2.0
0.8
-1.4
-1.0
-1.6
-1.0
-0.4
1.2
-2.4
-1.8
-2.2
-1.4
-1.2
-2.2
-1.4
1.2
1.2
2.8
2.4
2.2
0.2
1.6
-1.0
-1.8
-1.8
-0.6
-1.6
-1.8
0.2
-1.6
0.8
-1.6
-0.4
-1.4
-1.0
2.0
-2.2
-1.0
-1.4
-1.0
0.2
-0.6
1.4
1.6
1.2
-2.0
0.2
-1.4
2.0
2.0
1.6
-0.4
-2.8
-0.4
-0.8
-0.2
1.8
1.8
-1.0
-3.0
-1.4
-2.0
-2.0
-1.8
-1.0
-1.2
-2.2
-2.2
-1.4
-2.4
-2.4
-1.2
-0.5
-2.0
-1.0
-2.8
-2.8
-2.0
-0.2
1.2
-3.0
1.6
1.8
-1.0
-0.8
-1.6
-2.0
-0.8
-1.0
-1.6
-0.8
-1.8
-2.0
-2.2
-1.25
1.4
-0.5
-0.4
-1.0
0.2
-2.6
-1.2
-2.0
-2.8
0.4
-2.0
0.2
1.2
0.4
0.2
-2.0
-2.2
-1.0
-0.4
-0.6
-1.2
-0.6
-1.8
-1.8
-2.0
-2.0
-0.25
-2.0
1.4
-2.4
1.6
0.2
-0.8
-2.2
-0.2
-0.2
-0.6
0.6
1.0
0.2
-0.2
0.6
1.4
0.8
0.4
-1.6
-1.6
0.8
1.8
1.2
1.0
-1.2
-1.5
-1.8
0.6
0.6
1.25
0.8
2.8
1.25
0.8
1.4
2.2
2.8
-0.8
-1.4
1.6
-1.0
-2.0
-1.4
2.0
1.8
0.8
-1.2
-2.2
-1.6
2.0
0.8
2.0
-1.25
0.8
-2.4
-1.8
-1.2
-2.2
-2.0
-1.4
0.8
-2.0
-1.6
0.6
-2.0
-1.4
-2.0
-1.4
-1.6
-0.4
-1.25
-2.0
-2.0
-2.0
-1.2
-2.0
-2.2
-1.8
-2.6
-1.6
-2.8
-1.4
-1.8
-1.6
-1.0
1.4
-1.6
-1.6
-0.6
-2.2
2.0
-1.6
0.4
-1.6
1.2
-2.4
2.6
0.8
-1.0
-1.4
-2.0
0.8
-1.2
-1.4
1.8
2.6
2.4
2.2
-1.2
-1.8
3.0
-2.0
-1.6
1.4
-1.6
2.2
-0.8
1.6
1.8
-1.6
2.0
-1.8
-2.0
2.6
-2.6
2.25
-0.8
-2.4
-2.8
-2.6
-0.4
-1.6
-1.4
-2.6
-2.6
-1.0
-2.0
-2.6
-1.6
-1.8
-1.6
-2.2
-1.4
0.8
-2.6
-2.2
-0.75
-1.8
0.6
-2.2
-2.2
-0.6
0.8
0.6
2.0
-1.4
2.0
2.8
1.4
2.2
2.0
-0.2
0.2
-1.0
-0.4
-2.0
-1.4
2.8
2.4
2.6
1.4
0.4
1.25
-1.4
-1.2
-1.0
-1.8
-1.6
-2.6
-2.4
-2.0
-1.6
-0.4
-2.2
-2.0
-2.0
-0.8
-0.8
-1.8
-1.0
-2.0
-0.6
-1.8
-0.6
-2.2
-0.8
-2.0
0.25
-1.4
-1.4
0.2
-1.0
-2.0
0.5
-2.8
-2.2
1.6
1.4
-2.0
-1.4
-0.4
-2.8
-1.0
-1.6
-1.8
0.4
0.8
-0.2
2.2
2.0
1.4
1.2
-1.2
1.6
-1.6
-0.8
-0.4
1.0
1.4
1.8
-0.8
2.0
2.6
-0.4
0.6
2.0
0.8
1.4
1.8
1.8
2.2
1.6
-0.4
1.8
1.5
2.4
-2.2
2.0
-0.8
-2.2
-2.2
-1.8
-2.0
-0.4
0.6
-0.25
-1.0
-1.6
-1.6
-1.2
2.0
-2.0
-1.8
-2.0
-2.0
-2.0
-2.2
-2.6
-3.0
-2.8
-2.2
-1.6
-1.8
-2.0
-0.4
-1.4
-2.8
0.4
-0.2
-1.8
-1.4
-1.8
-0.2
-2.0
-1.2
-2.6
-2.4
-2.4
-2.0
-2.2
-1.8
2.2
-2.2
-1.8
-1.0
-1.2
0.4
-0.8
-2.4
0.2
-0.6
-2.6
0.4
2.0
1.8
-2.0
-2.2
-2.6
-0.4
1.0
-1.6
0.4
-1.8
-0.6
1.4
2.2
-0.8
-0.8
0.5
2.2
1.8
1.6
2.0
2.0
2.4
1.4
2.2
1.2
1.0
1.4
-1.5
2.2
-2.0
1.6
0.2
-2.4
2.2
1.8
1.8
2.0
2.4
2.6
-0.25
1.33333333333
-0.2
0.2
2.4
2.0
2.6
0.4
1.4
2.4
1.2
2.2
1.2
0.6
2.8
-0.25
2.4
0.6
-0.8
1.6
2.0
2.2
2.0
0.8
-2.2
2.4
2.2
2.2
2.4
2.4
1.0
2.2
-0.75
-1.0
2.6
-0.2
2.2
2.6
1.8
2.0
1.4
1.8
-1.5
-0.4
0.6
2.0
1.8
2.2
1.2
1.8
0.6
-1.4
1.6
1.4
-0.4
-0.6
0.2
2.0
2.2
1.8
1.8
0.4
1.0
-1.4
1.6
0.4
0.5
-0.8
1.0
0.2
1.8
-1.2
-0.2
-2.0
-1.8
0.4
1.6
2.0
-0.8
2.0
-0.4
2.0
-1.0
-0.6
-0.4
1.6
1.4
1.8
1.4
2.0
1.8
2.4
1.8
0.8
0.8
-1.6
-2.0
0.2
-2.2
-0.4
-2.2
-1.2
0.4
0.8
0.8
0.75
-1.0
0.5
-1.2
-0.2
-1.5
-1.0
-0.6
-1.4
-0.666666666667
-1.8
2.2
0.6
0.6
0.2
-2.0
-1.6
-0.6
0.2
2.0
2.2
-0.8
-2.0
-1.2
-2.0
-0.2
0.4
-1.8
0.4
-1.4
-2.0
2.0
-0.6
-2.0
-1.0
-2.0
-1.8
-0.6
-2.2
-1.6
0.8
-1.8
-1.6
-1.2
-2.0
-2.6
0.6
-2.4
1.25
1.4
-1.6
-1.6
-1.6
-1.6
1.6
-1.6
-1.6
-2.2
1.0
1.0
-1.0
-1.0
0.6
-2.4
-1.4
-1.0
-1.5
-2.0
1.8
1.75
0.6
-0.8
-1.4
0.6
0.6
-0.5
1.0
0.8
1.4
-1.2
-2.0
-1.0
0.8
-0.4
1.2
0.6
2.25
-1.4
1.0
1.8
1.4
0.4
2.4
-1.4
1.4
1.25
2.6
1.8
2.2
2.6
0.8
-2.0
1.6
2.0
0.25
2.0
0.75
0.8
2.0
1.8
2.2
1.33333333333
-1.2
2.2
0.4
1.4
0.4
0.8
2.4
